
Classification Report:
============================================================
              precision    recall  f1-score   support

           0       1.00      1.00      1.00       980
           1       0.99      1.00      1.00      1135
           2       0.99      1.00      0.99      1032
           3       0.99      1.00      0.99      1010
           4       0.99      1.00      1.00       982
           5       1.00      0.99      0.99       892
           6       1.00      0.99      1.00       958
           7       0.99      0.99      0.99      1028
           8       0.99      0.99      0.99       974
           9       1.00      0.99      0.99      1009

    accuracy                           0.99     10000
   macro avg       0.99      0.99      0.99     10000
weighted avg       0.99      0.99      0.99     10000

Overall accuracy: 99.4400%
